disabledNode	disabledLink	pCongFixed	Result
2	1	0	32.5833333333
2	1	0.3	43.3095238095
2	1	0.6	48.6666666667
2	1	0.9	66.1666666667
2	2	0	32.5833333333
2	2	0.3	43.3095238095
2	2	0.6	48.6666666667
2	2	0.9	66.1666666667
2	3	0	Infinity
2	3	0.3	Infinity
2	3	0.6	Infinity
2	3	0.9	Infinity
2	4	0	32.5833333333
2	4	0.3	43.3095238095
2	4	0.6	48.6666666667
2	4	0.9	66.1666666667
2	5	0	32.5833333333
2	5	0.3	43.3095238095
2	5	0.6	48.6666666667
2	5	0.9	66.1666666667
2	6	0	32.5833333333
2	6	0.3	43.3095238095
2	6	0.6	48.6666666667
2	6	0.9	66.1666666667
2	7	0	32.5833333333
2	7	0.3	43.3095238095
2	7	0.6	48.6666666667
2	7	0.9	66.1666666667
2	8	0	32.5833333333
2	8	0.3	43.3095238095
2	8	0.6	48.6666666667
2	8	0.9	66.1666666667
2	9	0	32.5833333333
2	9	0.3	45.4523809524
2	9	0.6	74.75
2	9	0.9	150.166666667
2	10	0	32.5833333333
2	10	0.3	43.3095238095
2	10	0.6	48.6666666667
2	10	0.9	66.1666666667
2	11	0	32.5833333333
2	11	0.3	43.3095238095
2	11	0.6	48.6666666667
2	11	0.9	66.1666666667
2	12	0	32.5833333333
2	12	0.3	43.3095238095
2	12	0.6	48.6666666667
2	12	0.9	66.1666666667
2	13	0	32.5833333333
2	13	0.3	43.3095238095
2	13	0.6	48.6666666667
2	13	0.9	66.1666666667
2	14	0	32.5833333333
2	14	0.3	44.4761904762
2	14	0.6	68.5833333333
2	14	0.9	147.333333333
2	15	0	32.5833333333
2	15	0.3	43.3095238095
2	15	0.6	48.6666666667
2	15	0.9	66.1666666667
2	16	0	35.0833333333
2	16	0.3	43.3095238095
2	16	0.6	48.6666666667
2	16	0.9	66.1666666667
2	17	0	32.5833333333
2	17	0.3	43.3095238095
2	17	0.6	48.6666666667
2	17	0.9	66.1666666667
2	18	0	32.5833333333
2	18	0.3	43.3095238095
2	18	0.6	48.6666666667
2	18	0.9	66.1666666667
2	19	0	32.5833333333
2	19	0.3	43.3095238095
2	19	0.6	48.6666666667
2	19	0.9	66.1666666667
2	20	0	32.5833333333
2	20	0.3	44.4761904762
2	20	0.6	68.3333333333
2	20	0.9	138.333333333
2	21	0	32.5833333333
2	21	0.3	43.3095238095
2	21	0.6	48.6666666667
2	21	0.9	66.1666666667
2	22	0	35.0833333333
2	22	0.3	43.3095238095
2	22	0.6	48.6666666667
2	22	0.9	66.1666666667
2	23	0	32.5833333333
2	23	0.3	43.3095238095
2	23	0.6	48.6666666667
2	23	0.9	66.1666666667
2	24	0	32.5833333333
2	24	0.3	43.3095238095
2	24	0.6	48.6666666667
2	24	0.9	66.1666666667
2	25	0	35.0833333333
2	25	0.3	47.9642857143
2	25	0.6	74.75
2	25	0.9	162.25
3	1	0	32.5833333333
3	1	0.3	43.3095238095
3	1	0.6	48.6666666667
3	1	0.9	66.1666666667
3	2	0	32.5833333333
3	2	0.3	43.3095238095
3	2	0.6	48.6666666667
3	2	0.9	66.1666666667
3	3	0	32.5833333333
3	3	0.3	45.4523809524
3	3	0.6	73.6666666667
3	3	0.9	126.166666667
3	4	0	32.5833333333
3	4	0.3	43.3095238095
3	4	0.6	48.6666666667
3	4	0.9	66.1666666667
3	5	0	32.5833333333
3	5	0.3	43.3095238095
3	5	0.6	48.6666666667
3	5	0.9	66.1666666667
3	6	0	32.5833333333
3	6	0.3	43.3095238095
3	6	0.6	48.6666666667
3	6	0.9	66.1666666667
3	7	0	32.5833333333
3	7	0.3	43.3095238095
3	7	0.6	48.6666666667
3	7	0.9	66.1666666667
3	8	0	32.5833333333
3	8	0.3	43.3095238095
3	8	0.6	48.6666666667
3	8	0.9	66.1666666667
3	9	0	32.5833333333
3	9	0.3	45.4523809524
3	9	0.6	74.75
3	9	0.9	150.166666667
3	10	0	32.5833333333
3	10	0.3	43.3095238095
3	10	0.6	48.6666666667
3	10	0.9	66.1666666667
3	11	0	32.5833333333
3	11	0.3	43.3095238095
3	11	0.6	48.6666666667
3	11	0.9	66.1666666667
3	12	0	32.5833333333
3	12	0.3	43.3095238095
3	12	0.6	48.6666666667
3	12	0.9	66.1666666667
3	13	0	32.5833333333
3	13	0.3	43.3095238095
3	13	0.6	48.6666666667
3	13	0.9	66.1666666667
3	14	0	32.5833333333
3	14	0.3	44.4761904762
3	14	0.6	68.5833333333
3	14	0.9	147.333333333
3	15	0	32.5833333333
3	15	0.3	43.3095238095
3	15	0.6	48.6666666667
3	15	0.9	66.1666666667
3	16	0	35.0833333333
3	16	0.3	43.3095238095
3	16	0.6	48.6666666667
3	16	0.9	66.1666666667
3	17	0	32.5833333333
3	17	0.3	43.3095238095
3	17	0.6	48.6666666667
3	17	0.9	66.1666666667
3	18	0	32.5833333333
3	18	0.3	43.3095238095
3	18	0.6	48.6666666667
3	18	0.9	66.1666666667
3	19	0	32.5833333333
3	19	0.3	43.3095238095
3	19	0.6	48.6666666667
3	19	0.9	66.1666666667
3	20	0	32.5833333333
3	20	0.3	44.4761904762
3	20	0.6	68.3333333333
3	20	0.9	138.333333333
3	21	0	32.5833333333
3	21	0.3	43.3095238095
3	21	0.6	48.6666666667
3	21	0.9	66.1666666667
3	22	0	35.0833333333
3	22	0.3	43.3095238095
3	22	0.6	48.6666666667
3	22	0.9	66.1666666667
3	23	0	32.5833333333
3	23	0.3	43.3095238095
3	23	0.6	48.6666666667
3	23	0.9	66.1666666667
3	24	0	32.5833333333
3	24	0.3	43.3095238095
3	24	0.6	48.6666666667
3	24	0.9	66.1666666667
3	25	0	35.0833333333
3	25	0.3	47.9642857143
3	25	0.6	74.75
3	25	0.9	162.25
4	1	0	Infinity
4	1	0.3	Infinity
4	1	0.6	Infinity
4	1	0.9	Infinity
4	2	0	32.5833333333
4	2	0.3	45.4523809524
4	2	0.6	74.9166666667
4	2	0.9	150.166666667
4	3	0	32.5833333333
4	3	0.3	45.4523809524
4	3	0.6	74.9166666667
4	3	0.9	150.166666667
4	4	0	35.0833333333
4	4	0.3	50.0833333333
4	4	0.6	87.5833333333
4	4	0.9	210.083333333
4	5	0	32.5833333333
4	5	0.3	45.4523809524
4	5	0.6	74.9166666667
4	5	0.9	150.166666667
4	6	0	32.5833333333
4	6	0.3	45.4523809524
4	6	0.6	74.9166666667
4	6	0.9	150.166666667
4	7	0	32.5833333333
4	7	0.3	45.4523809524
4	7	0.6	74.9166666667
4	7	0.9	150.166666667
4	8	0	32.5833333333
4	8	0.3	45.4523809524
4	8	0.6	74.9166666667
4	8	0.9	150.166666667
4	9	0	32.5833333333
4	9	0.3	45.4523809524
4	9	0.6	74.9166666667
4	9	0.9	150.166666667
4	10	0	35.0833333333
4	10	0.3	50.0833333333
4	10	0.6	87.5833333333
4	10	0.9	210.083333333
4	11	0	32.5833333333
4	11	0.3	45.4523809524
4	11	0.6	74.9166666667
4	11	0.9	150.166666667
4	12	0	32.5833333333
4	12	0.3	45.4523809524
4	12	0.6	74.9166666667
4	12	0.9	171.166666667
4	13	0	32.5833333333
4	13	0.3	45.4523809524
4	13	0.6	74.9166666667
4	13	0.9	150.166666667
4	14	0	32.5833333333
4	14	0.3	45.4523809524
4	14	0.6	74.9166666667
4	14	0.9	171.166666667
4	15	0	32.5833333333
4	15	0.3	45.4523809524
4	15	0.6	74.9166666667
4	15	0.9	150.166666667
4	16	0	35.0833333333
4	16	0.3	49.0238095238
4	16	0.6	80.1666666667
4	16	0.9	150.166666667
4	17	0	32.5833333333
4	17	0.3	45.4523809524
4	17	0.6	74.9166666667
4	17	0.9	150.166666667
4	18	0	32.5833333333
4	18	0.3	45.4523809524
4	18	0.6	74.9166666667
4	18	0.9	150.166666667
4	19	0	32.5833333333
4	19	0.3	45.4523809524
4	19	0.6	74.9166666667
4	19	0.9	150.166666667
4	20	0	32.5833333333
4	20	0.3	45.4523809524
4	20	0.6	74.9166666667
4	20	0.9	171.166666667
4	21	0	32.5833333333
4	21	0.3	45.4523809524
4	21	0.6	74.9166666667
4	21	0.9	150.166666667
4	22	0	35.0833333333
4	22	0.3	49.0238095238
4	22	0.6	80.1666666667
4	22	0.9	150.166666667
4	23	0	32.5833333333
4	23	0.3	45.4523809524
4	23	0.6	74.9166666667
4	23	0.9	150.166666667
4	24	0	32.5833333333
4	24	0.3	45.4523809524
4	24	0.6	74.9166666667
4	24	0.9	150.166666667
4	25	0	35.0833333333
4	25	0.3	50.0833333333
4	25	0.6	87.5833333333
4	25	0.9	210.083333333
5	1	0	32.5833333333
5	1	0.3	43.3095238095
5	1	0.6	48.6666666667
5	1	0.9	66.1666666667
5	2	0	32.5833333333
5	2	0.3	43.3095238095
5	2	0.6	48.6666666667
5	2	0.9	66.1666666667
5	3	0	35.0833333333
5	3	0.3	50.0833333333
5	3	0.6	87.5833333333
5	3	0.9	198.166666667
5	4	0	32.5833333333
5	4	0.3	43.3095238095
5	4	0.6	48.6666666667
5	4	0.9	66.1666666667
5	5	0	32.5833333333
5	5	0.3	43.3095238095
5	5	0.6	48.6666666667
5	5	0.9	66.1666666667
5	6	0	32.5833333333
5	6	0.3	43.3095238095
5	6	0.6	48.6666666667
5	6	0.9	66.1666666667
5	7	0	32.5833333333
5	7	0.3	43.3095238095
5	7	0.6	48.6666666667
5	7	0.9	66.1666666667
5	8	0	32.5833333333
5	8	0.3	43.3095238095
5	8	0.6	48.6666666667
5	8	0.9	66.1666666667
5	9	0	35.0833333333
5	9	0.3	47.9642857143
5	9	0.6	74.75
5	9	0.9	162.25
5	10	0	32.5833333333
5	10	0.3	43.3095238095
5	10	0.6	48.6666666667
5	10	0.9	66.1666666667
5	11	0	32.5833333333
5	11	0.3	43.3095238095
5	11	0.6	48.6666666667
5	11	0.9	66.1666666667
5	12	0	35.0833333333
5	12	0.3	43.3095238095
5	12	0.6	48.6666666667
5	12	0.9	66.1666666667
5	13	0	32.5833333333
5	13	0.3	43.3095238095
5	13	0.6	48.6666666667
5	13	0.9	66.1666666667
5	14	0	32.5833333333
5	14	0.3	44.4761904762
5	14	0.6	68.5833333333
5	14	0.9	147.333333333
5	15	0	32.5833333333
5	15	0.3	43.3095238095
5	15	0.6	48.6666666667
5	15	0.9	66.1666666667
5	16	0	35.0833333333
5	16	0.3	43.3095238095
5	16	0.6	48.6666666667
5	16	0.9	66.1666666667
5	17	0	32.5833333333
5	17	0.3	43.3095238095
5	17	0.6	48.6666666667
5	17	0.9	66.1666666667
5	18	0	32.5833333333
5	18	0.3	43.3095238095
5	18	0.6	48.6666666667
5	18	0.9	66.1666666667
5	19	0	32.5833333333
5	19	0.3	43.3095238095
5	19	0.6	48.6666666667
5	19	0.9	66.1666666667
5	20	0	32.5833333333
5	20	0.3	44.4761904762
5	20	0.6	68.3333333333
5	20	0.9	138.333333333
5	21	0	32.5833333333
5	21	0.3	43.3095238095
5	21	0.6	48.6666666667
5	21	0.9	66.1666666667
5	22	0	35.0833333333
5	22	0.3	43.3095238095
5	22	0.6	48.6666666667
5	22	0.9	66.1666666667
5	23	0	32.5833333333
5	23	0.3	43.3095238095
5	23	0.6	48.6666666667
5	23	0.9	66.1666666667
5	24	0	32.5833333333
5	24	0.3	43.3095238095
5	24	0.6	48.6666666667
5	24	0.9	66.1666666667
5	25	0	35.0833333333
5	25	0.3	47.9642857143
5	25	0.6	74.75
5	25	0.9	162.25
6	1	0	32.5833333333
6	1	0.3	43.3095238095
6	1	0.6	48.6666666667
6	1	0.9	66.1666666667
6	2	0	32.5833333333
6	2	0.3	43.3095238095
6	2	0.6	48.6666666667
6	2	0.9	66.1666666667
6	3	0	32.5833333333
6	3	0.3	45.4523809524
6	3	0.6	73.6666666667
6	3	0.9	126.166666667
6	4	0	32.5833333333
6	4	0.3	43.3095238095
6	4	0.6	48.6666666667
6	4	0.9	66.1666666667
6	5	0	32.5833333333
6	5	0.3	43.3095238095
6	5	0.6	48.6666666667
6	5	0.9	66.1666666667
6	6	0	32.5833333333
6	6	0.3	43.3095238095
6	6	0.6	48.6666666667
6	6	0.9	66.1666666667
6	7	0	32.5833333333
6	7	0.3	43.3095238095
6	7	0.6	48.6666666667
6	7	0.9	66.1666666667
6	8	0	32.5833333333
6	8	0.3	43.3095238095
6	8	0.6	48.6666666667
6	8	0.9	66.1666666667
6	9	0	32.5833333333
6	9	0.3	45.4523809524
6	9	0.6	74.9166666667
6	9	0.9	150.166666667
6	10	0	32.5833333333
6	10	0.3	43.3095238095
6	10	0.6	48.6666666667
6	10	0.9	66.1666666667
6	11	0	32.5833333333
6	11	0.3	43.3095238095
6	11	0.6	48.6666666667
6	11	0.9	66.1666666667
6	12	0	32.5833333333
6	12	0.3	43.3095238095
6	12	0.6	48.6666666667
6	12	0.9	66.1666666667
6	13	0	32.5833333333
6	13	0.3	43.3095238095
6	13	0.6	48.6666666667
6	13	0.9	66.1666666667
6	14	0	32.5833333333
6	14	0.3	44.4761904762
6	14	0.6	68.5833333333
6	14	0.9	147.333333333
6	15	0	32.5833333333
6	15	0.3	43.3095238095
6	15	0.6	48.6666666667
6	15	0.9	66.1666666667
6	16	0	35.0833333333
6	16	0.3	43.3095238095
6	16	0.6	48.6666666667
6	16	0.9	66.1666666667
6	17	0	32.5833333333
6	17	0.3	43.3095238095
6	17	0.6	48.6666666667
6	17	0.9	66.1666666667
6	18	0	32.5833333333
6	18	0.3	43.3095238095
6	18	0.6	48.6666666667
6	18	0.9	66.1666666667
6	19	0	32.5833333333
6	19	0.3	43.3095238095
6	19	0.6	48.6666666667
6	19	0.9	66.1666666667
6	20	0	32.5833333333
6	20	0.3	44.4761904762
6	20	0.6	68.3333333333
6	20	0.9	138.333333333
6	21	0	32.5833333333
6	21	0.3	43.3095238095
6	21	0.6	48.6666666667
6	21	0.9	66.1666666667
6	22	0	35.0833333333
6	22	0.3	43.3095238095
6	22	0.6	48.6666666667
6	22	0.9	66.1666666667
6	23	0	32.5833333333
6	23	0.3	43.3095238095
6	23	0.6	48.6666666667
6	23	0.9	66.1666666667
6	24	0	32.5833333333
6	24	0.3	43.3095238095
6	24	0.6	48.6666666667
6	24	0.9	66.1666666667
6	25	0	35.0833333333
6	25	0.3	49.1071428571
6	25	0.6	81.25
6	25	0.9	186.25
7	1	0	32.5833333333
7	1	0.3	43.3095238095
7	1	0.6	48.6666666667
7	1	0.9	66.1666666667
7	2	0	32.5833333333
7	2	0.3	43.3095238095
7	2	0.6	48.6666666667
7	2	0.9	66.1666666667
7	3	0	32.5833333333
7	3	0.3	45.4523809524
7	3	0.6	73.6666666667
7	3	0.9	126.166666667
7	4	0	32.5833333333
7	4	0.3	43.3095238095
7	4	0.6	48.6666666667
7	4	0.9	66.1666666667
7	5	0	32.5833333333
7	5	0.3	43.3095238095
7	5	0.6	48.6666666667
7	5	0.9	66.1666666667
7	6	0	32.5833333333
7	6	0.3	43.3095238095
7	6	0.6	48.6666666667
7	6	0.9	66.1666666667
7	7	0	32.5833333333
7	7	0.3	43.3095238095
7	7	0.6	48.6666666667
7	7	0.9	66.1666666667
7	8	0	32.5833333333
7	8	0.3	43.3095238095
7	8	0.6	48.6666666667
7	8	0.9	66.1666666667
7	9	0	32.5833333333
7	9	0.3	45.4523809524
7	9	0.6	74.9166666667
7	9	0.9	150.166666667
7	10	0	32.5833333333
7	10	0.3	43.3095238095
7	10	0.6	48.6666666667
7	10	0.9	66.1666666667
7	11	0	32.5833333333
7	11	0.3	43.3095238095
7	11	0.6	48.6666666667
7	11	0.9	66.1666666667
7	12	0	32.5833333333
7	12	0.3	43.3095238095
7	12	0.6	48.6666666667
7	12	0.9	66.1666666667
7	13	0	32.5833333333
7	13	0.3	43.3095238095
7	13	0.6	48.6666666667
7	13	0.9	66.1666666667
7	14	0	32.5833333333
7	14	0.3	44.4761904762
7	14	0.6	68.5833333333
7	14	0.9	147.333333333
7	15	0	32.5833333333
7	15	0.3	43.3095238095
7	15	0.6	48.6666666667
7	15	0.9	66.1666666667
7	16	0	35.0833333333
7	16	0.3	43.3095238095
7	16	0.6	48.6666666667
7	16	0.9	66.1666666667
7	17	0	32.5833333333
7	17	0.3	43.3095238095
7	17	0.6	48.6666666667
7	17	0.9	66.1666666667
7	18	0	32.5833333333
7	18	0.3	43.3095238095
7	18	0.6	48.6666666667
7	18	0.9	66.1666666667
7	19	0	32.5833333333
7	19	0.3	43.3095238095
7	19	0.6	48.6666666667
7	19	0.9	66.1666666667
7	20	0	32.5833333333
7	20	0.3	44.4761904762
7	20	0.6	68.3333333333
7	20	0.9	138.333333333
7	21	0	32.5833333333
7	21	0.3	43.3095238095
7	21	0.6	48.6666666667
7	21	0.9	66.1666666667
7	22	0	35.0833333333
7	22	0.3	43.3095238095
7	22	0.6	48.6666666667
7	22	0.9	66.1666666667
7	23	0	32.5833333333
7	23	0.3	43.3095238095
7	23	0.6	48.6666666667
7	23	0.9	66.1666666667
7	24	0	32.5833333333
7	24	0.3	43.3095238095
7	24	0.6	48.6666666667
7	24	0.9	66.1666666667
7	25	0	35.0833333333
7	25	0.3	49.1071428571
7	25	0.6	81.25
7	25	0.9	186.25
8	1	0	32.5833333333
8	1	0.3	45.4523809524
8	1	0.6	74.75
8	1	0.9	162.25
8	2	0	32.5833333333
8	2	0.3	45.4523809524
8	2	0.6	74.75
8	2	0.9	162.25
8	3	0	32.5833333333
8	3	0.3	45.4523809524
8	3	0.6	74.9166666667
8	3	0.9	171.166666667
8	4	0	32.5833333333
8	4	0.3	45.4523809524
8	4	0.6	74.75
8	4	0.9	162.25
8	5	0	32.5833333333
8	5	0.3	45.4523809524
8	5	0.6	74.75
8	5	0.9	162.25
8	6	0	32.5833333333
8	6	0.3	45.4523809524
8	6	0.6	74.75
8	6	0.9	162.25
8	7	0	32.5833333333
8	7	0.3	45.4523809524
8	7	0.6	74.75
8	7	0.9	162.25
8	8	0	32.5833333333
8	8	0.3	45.4523809524
8	8	0.6	74.9166666667
8	8	0.9	171.166666667
8	9	0	32.5833333333
8	9	0.3	45.4523809524
8	9	0.6	74.75
8	9	0.9	162.25
8	10	0	35.0833333333
8	10	0.3	47.9642857143
8	10	0.6	74.75
8	10	0.9	162.25
8	11	0	32.5833333333
8	11	0.3	45.4523809524
8	11	0.6	74.9166666667
8	11	0.9	171.166666667
8	12	0	32.5833333333
8	12	0.3	45.4523809524
8	12	0.6	74.75
8	12	0.9	162.25
8	13	0	32.5833333333
8	13	0.3	45.4523809524
8	13	0.6	74.75
8	13	0.9	162.25
8	14	0	32.5833333333
8	14	0.3	45.4523809524
8	14	0.6	74.75
8	14	0.9	162.25
8	15	0	32.5833333333
8	15	0.3	45.4523809524
8	15	0.6	74.75
8	15	0.9	162.25
8	16	0	35.0833333333
8	16	0.3	47.9642857143
8	16	0.6	74.75
8	16	0.9	162.25
8	17	0	32.5833333333
8	17	0.3	45.4523809524
8	17	0.6	74.75
8	17	0.9	162.25
8	18	0	32.5833333333
8	18	0.3	45.4523809524
8	18	0.6	74.9166666667
8	18	0.9	171.166666667
8	19	0	32.5833333333
8	19	0.3	45.4523809524
8	19	0.6	74.75
8	19	0.9	162.25
8	20	0	32.5833333333
8	20	0.3	45.4523809524
8	20	0.6	74.75
8	20	0.9	162.25
8	21	0	32.5833333333
8	21	0.3	45.4523809524
8	21	0.6	74.75
8	21	0.9	162.25
8	22	0	35.0833333333
8	22	0.3	47.9642857143
8	22	0.6	74.75
8	22	0.9	162.25
8	23	0	32.5833333333
8	23	0.3	45.4523809524
8	23	0.6	74.75
8	23	0.9	162.25
8	24	0	32.5833333333
8	24	0.3	45.4523809524
8	24	0.6	74.75
8	24	0.9	162.25
8	25	0	35.0833333333
8	25	0.3	47.9642857143
8	25	0.6	74.75
8	25	0.9	162.25
9	1	0	35.0833333333
9	1	0.3	43.3095238095
9	1	0.6	48.6666666667
9	1	0.9	66.1666666667
9	2	0	35.0833333333
9	2	0.3	43.3095238095
9	2	0.6	48.6666666667
9	2	0.9	66.1666666667
9	3	0	35.0833333333
9	3	0.3	50.0833333333
9	3	0.6	73.6666666667
9	3	0.9	126.166666667
9	4	0	35.0833333333
9	4	0.3	43.3095238095
9	4	0.6	48.6666666667
9	4	0.9	66.1666666667
9	5	0	35.0833333333
9	5	0.3	43.3095238095
9	5	0.6	48.6666666667
9	5	0.9	66.1666666667
9	6	0	35.0833333333
9	6	0.3	43.3095238095
9	6	0.6	48.6666666667
9	6	0.9	66.1666666667
9	7	0	35.0833333333
9	7	0.3	43.3095238095
9	7	0.6	48.6666666667
9	7	0.9	66.1666666667
9	8	0	35.0833333333
9	8	0.3	43.3095238095
9	8	0.6	48.6666666667
9	8	0.9	66.1666666667
9	9	0	35.0833333333
9	9	0.3	47.9642857143
9	9	0.6	74.75
9	9	0.9	162.25
9	10	0	35.0833333333
9	10	0.3	43.3095238095
9	10	0.6	48.6666666667
9	10	0.9	66.1666666667
9	11	0	35.0833333333
9	11	0.3	43.3095238095
9	11	0.6	48.6666666667
9	11	0.9	66.1666666667
9	12	0	35.0833333333
9	12	0.3	43.3095238095
9	12	0.6	48.6666666667
9	12	0.9	66.1666666667
9	13	0	35.0833333333
9	13	0.3	43.3095238095
9	13	0.6	48.6666666667
9	13	0.9	66.1666666667
9	14	0	35.0833333333
9	14	0.3	47.9642857143
9	14	0.6	74.75
9	14	0.9	162.25
9	15	0	35.0833333333
9	15	0.3	43.3095238095
9	15	0.6	48.6666666667
9	15	0.9	66.1666666667
9	16	0	35.0833333333
9	16	0.3	43.3095238095
9	16	0.6	48.6666666667
9	16	0.9	66.1666666667
9	17	0	35.0833333333
9	17	0.3	43.3095238095
9	17	0.6	48.6666666667
9	17	0.9	66.1666666667
9	18	0	35.0833333333
9	18	0.3	43.3095238095
9	18	0.6	48.6666666667
9	18	0.9	66.1666666667
9	19	0	35.0833333333
9	19	0.3	43.3095238095
9	19	0.6	48.6666666667
9	19	0.9	66.1666666667
9	20	0	35.0833333333
9	20	0.3	46.9047619048
9	20	0.6	68.3333333333
9	20	0.9	138.333333333
9	21	0	35.0833333333
9	21	0.3	43.3095238095
9	21	0.6	48.6666666667
9	21	0.9	66.1666666667
9	22	0	35.0833333333
9	22	0.3	43.3095238095
9	22	0.6	48.6666666667
9	22	0.9	66.1666666667
9	23	0	35.0833333333
9	23	0.3	43.3095238095
9	23	0.6	48.6666666667
9	23	0.9	66.1666666667
9	24	0	35.0833333333
9	24	0.3	43.3095238095
9	24	0.6	48.6666666667
9	24	0.9	66.1666666667
9	25	0	35.0833333333
9	25	0.3	47.9642857143
9	25	0.6	74.75
9	25	0.9	162.25
10	1	0	32.5833333333
10	1	0.3	43.3095238095
10	1	0.6	48.6666666667
10	1	0.9	66.1666666667
10	2	0	32.5833333333
10	2	0.3	43.3095238095
10	2	0.6	48.6666666667
10	2	0.9	66.1666666667
10	3	0	32.5833333333
10	3	0.3	45.4523809524
10	3	0.6	73.6666666667
10	3	0.9	126.166666667
10	4	0	32.5833333333
10	4	0.3	43.3095238095
10	4	0.6	48.6666666667
10	4	0.9	66.1666666667
10	5	0	32.5833333333
10	5	0.3	43.3095238095
10	5	0.6	48.6666666667
10	5	0.9	66.1666666667
10	6	0	32.5833333333
10	6	0.3	43.3095238095
10	6	0.6	48.6666666667
10	6	0.9	66.1666666667
10	7	0	32.5833333333
10	7	0.3	43.3095238095
10	7	0.6	48.6666666667
10	7	0.9	66.1666666667
10	8	0	32.5833333333
10	8	0.3	43.3095238095
10	8	0.6	48.6666666667
10	8	0.9	66.1666666667
10	9	0	32.5833333333
10	9	0.3	45.4523809524
10	9	0.6	74.9166666667
10	9	0.9	150.166666667
10	10	0	32.5833333333
10	10	0.3	43.3095238095
10	10	0.6	48.6666666667
10	10	0.9	66.1666666667
10	11	0	32.5833333333
10	11	0.3	43.3095238095
10	11	0.6	48.6666666667
10	11	0.9	66.1666666667
10	12	0	32.5833333333
10	12	0.3	43.3095238095
10	12	0.6	48.6666666667
10	12	0.9	66.1666666667
10	13	0	32.5833333333
10	13	0.3	43.3095238095
10	13	0.6	48.6666666667
10	13	0.9	66.1666666667
10	14	0	32.5833333333
10	14	0.3	44.4761904762
10	14	0.6	68.5833333333
10	14	0.9	147.333333333
10	15	0	32.5833333333
10	15	0.3	43.3095238095
10	15	0.6	48.6666666667
10	15	0.9	66.1666666667
10	16	0	35.0833333333
10	16	0.3	43.3095238095
10	16	0.6	48.6666666667
10	16	0.9	66.1666666667
10	17	0	32.5833333333
10	17	0.3	43.3095238095
10	17	0.6	48.6666666667
10	17	0.9	66.1666666667
10	18	0	32.5833333333
10	18	0.3	43.3095238095
10	18	0.6	48.6666666667
10	18	0.9	66.1666666667
10	19	0	32.5833333333
10	19	0.3	43.3095238095
10	19	0.6	48.6666666667
10	19	0.9	66.1666666667
10	20	0	32.5833333333
10	20	0.3	44.4761904762
10	20	0.6	68.3333333333
10	20	0.9	138.333333333
10	21	0	32.5833333333
10	21	0.3	43.3095238095
10	21	0.6	48.6666666667
10	21	0.9	66.1666666667
10	22	0	35.0833333333
10	22	0.3	43.3095238095
10	22	0.6	48.6666666667
10	22	0.9	66.1666666667
10	23	0	32.5833333333
10	23	0.3	43.3095238095
10	23	0.6	48.6666666667
10	23	0.9	66.1666666667
10	24	0	32.5833333333
10	24	0.3	43.3095238095
10	24	0.6	48.6666666667
10	24	0.9	66.1666666667
10	25	0	Infinity
10	25	0.3	Infinity
10	25	0.6	Infinity
10	25	0.9	Infinity
11	1	0	32.5833333333
11	1	0.3	44.4761904762
11	1	0.6	68.5833333333
11	1	0.9	147.333333333
11	2	0	32.5833333333
11	2	0.3	44.4761904762
11	2	0.6	68.5833333333
11	2	0.9	147.333333333
11	3	0	32.5833333333
11	3	0.3	45.4523809524
11	3	0.6	74.9166666667
11	3	0.9	171.166666667
11	4	0	32.5833333333
11	4	0.3	44.4761904762
11	4	0.6	68.5833333333
11	4	0.9	147.333333333
11	5	0	32.5833333333
11	5	0.3	44.4761904762
11	5	0.6	68.5833333333
11	5	0.9	147.333333333
11	6	0	32.5833333333
11	6	0.3	44.4761904762
11	6	0.6	68.5833333333
11	6	0.9	147.333333333
11	7	0	32.5833333333
11	7	0.3	44.4761904762
11	7	0.6	68.5833333333
11	7	0.9	147.333333333
11	8	0	32.5833333333
11	8	0.3	44.4761904762
11	8	0.6	68.5833333333
11	8	0.9	147.333333333
11	9	0	32.5833333333
11	9	0.3	45.4523809524
11	9	0.6	74.75
11	9	0.9	162.25
11	10	0	32.5833333333
11	10	0.3	44.4761904762
11	10	0.6	68.5833333333
11	10	0.9	147.333333333
11	11	0	32.5833333333
11	11	0.3	44.4761904762
11	11	0.6	68.5833333333
11	11	0.9	147.333333333
11	12	0	32.5833333333
11	12	0.3	45.4523809524
11	12	0.6	74.75
11	12	0.9	162.25
11	13	0	32.5833333333
11	13	0.3	44.4761904762
11	13	0.6	68.5833333333
11	13	0.9	147.333333333
11	14	0	32.5833333333
11	14	0.3	44.4761904762
11	14	0.6	68.5833333333
11	14	0.9	147.333333333
11	15	0	32.5833333333
11	15	0.3	44.4761904762
11	15	0.6	68.5833333333
11	15	0.9	147.333333333
11	16	0	35.0833333333
11	16	0.3	47.9642857143
11	16	0.6	74.75
11	16	0.9	162.25
11	17	0	32.5833333333
11	17	0.3	44.4761904762
11	17	0.6	68.5833333333
11	17	0.9	147.333333333
11	18	0	32.5833333333
11	18	0.3	44.4761904762
11	18	0.6	68.5833333333
11	18	0.9	147.333333333
11	19	0	32.5833333333
11	19	0.3	44.4761904762
11	19	0.6	68.5833333333
11	19	0.9	147.333333333
11	20	0	32.5833333333
11	20	0.3	44.4761904762
11	20	0.6	68.5833333333
11	20	0.9	147.333333333
11	21	0	32.5833333333
11	21	0.3	44.4761904762
11	21	0.6	68.5833333333
11	21	0.9	147.333333333
11	22	0	35.0833333333
11	22	0.3	47.9642857143
11	22	0.6	74.75
11	22	0.9	162.25
11	23	0	32.5833333333
11	23	0.3	44.4761904762
11	23	0.6	68.5833333333
11	23	0.9	147.333333333
11	24	0	32.5833333333
11	24	0.3	44.4761904762
11	24	0.6	68.5833333333
11	24	0.9	147.333333333
11	25	0	35.0833333333
11	25	0.3	47.9642857143
11	25	0.6	74.75
11	25	0.9	162.25
12	1	0	32.5833333333
12	1	0.3	43.3095238095
12	1	0.6	48.6666666667
12	1	0.9	66.1666666667
12	2	0	32.5833333333
12	2	0.3	43.3095238095
12	2	0.6	48.6666666667
12	2	0.9	66.1666666667
12	3	0	32.5833333333
12	3	0.3	45.4523809524
12	3	0.6	73.6666666667
12	3	0.9	126.166666667
12	4	0	32.5833333333
12	4	0.3	43.3095238095
12	4	0.6	48.6666666667
12	4	0.9	66.1666666667
12	5	0	32.5833333333
12	5	0.3	43.3095238095
12	5	0.6	48.6666666667
12	5	0.9	66.1666666667
12	6	0	32.5833333333
12	6	0.3	43.3095238095
12	6	0.6	48.6666666667
12	6	0.9	66.1666666667
12	7	0	32.5833333333
12	7	0.3	43.3095238095
12	7	0.6	48.6666666667
12	7	0.9	66.1666666667
12	8	0	32.5833333333
12	8	0.3	43.3095238095
12	8	0.6	48.6666666667
12	8	0.9	66.1666666667
12	9	0	32.5833333333
12	9	0.3	45.4523809524
12	9	0.6	74.75
12	9	0.9	150.166666667
12	10	0	32.5833333333
12	10	0.3	43.3095238095
12	10	0.6	48.6666666667
12	10	0.9	66.1666666667
12	11	0	32.5833333333
12	11	0.3	43.3095238095
12	11	0.6	48.6666666667
12	11	0.9	66.1666666667
12	12	0	32.5833333333
12	12	0.3	43.3095238095
12	12	0.6	48.6666666667
12	12	0.9	66.1666666667
12	13	0	32.5833333333
12	13	0.3	43.3095238095
12	13	0.6	48.6666666667
12	13	0.9	66.1666666667
12	14	0	32.5833333333
12	14	0.3	44.4761904762
12	14	0.6	68.5833333333
12	14	0.9	147.333333333
12	15	0	32.5833333333
12	15	0.3	43.3095238095
12	15	0.6	48.6666666667
12	15	0.9	66.1666666667
12	16	0	35.0833333333
12	16	0.3	43.3095238095
12	16	0.6	48.6666666667
12	16	0.9	66.1666666667
12	17	0	32.5833333333
12	17	0.3	43.3095238095
12	17	0.6	48.6666666667
12	17	0.9	66.1666666667
12	18	0	32.5833333333
12	18	0.3	43.3095238095
12	18	0.6	48.6666666667
12	18	0.9	66.1666666667
12	19	0	32.5833333333
12	19	0.3	43.3095238095
12	19	0.6	48.6666666667
12	19	0.9	66.1666666667
12	20	0	32.5833333333
12	20	0.3	44.4761904762
12	20	0.6	68.5833333333
12	20	0.9	147.333333333
12	21	0	32.5833333333
12	21	0.3	43.3095238095
12	21	0.6	48.6666666667
12	21	0.9	66.1666666667
12	22	0	35.0833333333
12	22	0.3	43.3095238095
12	22	0.6	48.6666666667
12	22	0.9	66.1666666667
12	23	0	32.5833333333
12	23	0.3	43.3095238095
12	23	0.6	48.6666666667
12	23	0.9	66.1666666667
12	24	0	32.5833333333
12	24	0.3	43.3095238095
12	24	0.6	48.6666666667
12	24	0.9	66.1666666667
12	25	0	35.0833333333
12	25	0.3	47.9642857143
12	25	0.6	74.75
12	25	0.9	162.25
13	1	0	35.0833333333
13	1	0.3	43.3095238095
13	1	0.6	48.6666666667
13	1	0.9	66.1666666667
13	2	0	35.0833333333
13	2	0.3	43.3095238095
13	2	0.6	48.6666666667
13	2	0.9	66.1666666667
13	3	0	35.0833333333
13	3	0.3	49.0238095238
13	3	0.6	73.6666666667
13	3	0.9	126.166666667
13	4	0	35.0833333333
13	4	0.3	43.3095238095
13	4	0.6	48.6666666667
13	4	0.9	66.1666666667
13	5	0	35.0833333333
13	5	0.3	43.3095238095
13	5	0.6	48.6666666667
13	5	0.9	66.1666666667
13	6	0	35.0833333333
13	6	0.3	43.3095238095
13	6	0.6	48.6666666667
13	6	0.9	66.1666666667
13	7	0	35.0833333333
13	7	0.3	43.3095238095
13	7	0.6	48.6666666667
13	7	0.9	66.1666666667
13	8	0	35.0833333333
13	8	0.3	43.3095238095
13	8	0.6	48.6666666667
13	8	0.9	66.1666666667
13	9	0	35.0833333333
13	9	0.3	47.9642857143
13	9	0.6	74.75
13	9	0.9	150.166666667
13	10	0	35.0833333333
13	10	0.3	43.3095238095
13	10	0.6	48.6666666667
13	10	0.9	66.1666666667
13	11	0	35.0833333333
13	11	0.3	43.3095238095
13	11	0.6	48.6666666667
13	11	0.9	66.1666666667
13	12	0	35.0833333333
13	12	0.3	43.3095238095
13	12	0.6	48.6666666667
13	12	0.9	66.1666666667
13	13	0	35.0833333333
13	13	0.3	43.3095238095
13	13	0.6	48.6666666667
13	13	0.9	66.1666666667
13	14	0	35.0833333333
13	14	0.3	47.9642857143
13	14	0.6	74.75
13	14	0.9	150.333333333
13	15	0	35.0833333333
13	15	0.3	43.3095238095
13	15	0.6	48.6666666667
13	15	0.9	66.1666666667
13	16	0	35.0833333333
13	16	0.3	43.3095238095
13	16	0.6	48.6666666667
13	16	0.9	66.1666666667
13	17	0	35.0833333333
13	17	0.3	43.3095238095
13	17	0.6	48.6666666667
13	17	0.9	66.1666666667
13	18	0	35.0833333333
13	18	0.3	43.3095238095
13	18	0.6	48.6666666667
13	18	0.9	66.1666666667
13	19	0	35.0833333333
13	19	0.3	43.3095238095
13	19	0.6	48.6666666667
13	19	0.9	66.1666666667
13	20	0	35.0833333333
13	20	0.3	46.9047619048
13	20	0.6	68.3333333333
13	20	0.9	138.333333333
13	21	0	35.0833333333
13	21	0.3	43.3095238095
13	21	0.6	48.6666666667
13	21	0.9	66.1666666667
13	22	0	35.0833333333
13	22	0.3	43.3095238095
13	22	0.6	48.6666666667
13	22	0.9	66.1666666667
13	23	0	35.0833333333
13	23	0.3	43.3095238095
13	23	0.6	48.6666666667
13	23	0.9	66.1666666667
13	24	0	35.0833333333
13	24	0.3	43.3095238095
13	24	0.6	48.6666666667
13	24	0.9	66.1666666667
13	25	0	35.0833333333
13	25	0.3	47.9642857143
13	25	0.6	74.75
13	25	0.9	162.25
14	1	0	32.5833333333
14	1	0.3	44.4761904762
14	1	0.6	68.3333333333
14	1	0.9	138.333333333
14	2	0	32.5833333333
14	2	0.3	44.4761904762
14	2	0.6	68.3333333333
14	2	0.9	138.333333333
14	3	0	32.5833333333
14	3	0.3	45.4523809524
14	3	0.6	74.9166666667
14	3	0.9	171.166666667
14	4	0	32.5833333333
14	4	0.3	44.4761904762
14	4	0.6	68.3333333333
14	4	0.9	138.333333333
14	5	0	32.5833333333
14	5	0.3	44.4761904762
14	5	0.6	68.3333333333
14	5	0.9	138.333333333
14	6	0	32.5833333333
14	6	0.3	44.4761904762
14	6	0.6	68.3333333333
14	6	0.9	138.333333333
14	7	0	32.5833333333
14	7	0.3	44.4761904762
14	7	0.6	68.3333333333
14	7	0.9	138.333333333
14	8	0	32.5833333333
14	8	0.3	44.4761904762
14	8	0.6	68.3333333333
14	8	0.9	138.333333333
14	9	0	32.5833333333
14	9	0.3	45.4523809524
14	9	0.6	74.75
14	9	0.9	162.25
14	10	0	32.5833333333
14	10	0.3	44.4761904762
14	10	0.6	68.3333333333
14	10	0.9	138.333333333
14	11	0	32.5833333333
14	11	0.3	44.4761904762
14	11	0.6	68.3333333333
14	11	0.9	138.333333333
14	12	0	32.5833333333
14	12	0.3	45.4523809524
14	12	0.6	68.3333333333
14	12	0.9	138.333333333
14	13	0	32.5833333333
14	13	0.3	44.4761904762
14	13	0.6	68.3333333333
14	13	0.9	138.333333333
14	14	0	32.5833333333
14	14	0.3	44.4761904762
14	14	0.6	68.5833333333
14	14	0.9	147.333333333
14	15	0	32.5833333333
14	15	0.3	44.4761904762
14	15	0.6	68.3333333333
14	15	0.9	138.333333333
14	16	0	35.0833333333
14	16	0.3	46.9047619048
14	16	0.6	68.3333333333
14	16	0.9	138.333333333
14	17	0	32.5833333333
14	17	0.3	44.4761904762
14	17	0.6	68.3333333333
14	17	0.9	138.333333333
14	18	0	32.5833333333
14	18	0.3	44.4761904762
14	18	0.6	68.3333333333
14	18	0.9	138.333333333
14	19	0	32.5833333333
14	19	0.3	44.4761904762
14	19	0.6	68.5833333333
14	19	0.9	147.333333333
14	20	0	32.5833333333
14	20	0.3	44.4761904762
14	20	0.6	68.3333333333
14	20	0.9	138.333333333
14	21	0	32.5833333333
14	21	0.3	44.4761904762
14	21	0.6	68.5833333333
14	21	0.9	147.333333333
14	22	0	35.0833333333
14	22	0.3	46.9047619048
14	22	0.6	68.3333333333
14	22	0.9	138.333333333
14	23	0	32.5833333333
14	23	0.3	44.4761904762
14	23	0.6	68.3333333333
14	23	0.9	138.333333333
14	24	0	32.5833333333
14	24	0.3	44.4761904762
14	24	0.6	68.5833333333
14	24	0.9	147.333333333
14	25	0	35.0833333333
14	25	0.3	47.9642857143
14	25	0.6	74.75
14	25	0.9	162.25
15	1	0	32.5833333333
15	1	0.3	43.3095238095
15	1	0.6	48.6666666667
15	1	0.9	66.1666666667
15	2	0	32.5833333333
15	2	0.3	43.3095238095
15	2	0.6	48.6666666667
15	2	0.9	66.1666666667
15	3	0	32.5833333333
15	3	0.3	45.4523809524
15	3	0.6	73.6666666667
15	3	0.9	126.166666667
15	4	0	32.5833333333
15	4	0.3	43.3095238095
15	4	0.6	48.6666666667
15	4	0.9	66.1666666667
15	5	0	32.5833333333
15	5	0.3	43.3095238095
15	5	0.6	48.6666666667
15	5	0.9	66.1666666667
15	6	0	32.5833333333
15	6	0.3	43.3095238095
15	6	0.6	48.6666666667
15	6	0.9	66.1666666667
15	7	0	32.5833333333
15	7	0.3	43.3095238095
15	7	0.6	48.6666666667
15	7	0.9	66.1666666667
15	8	0	32.5833333333
15	8	0.3	43.3095238095
15	8	0.6	48.6666666667
15	8	0.9	66.1666666667
15	9	0	32.5833333333
15	9	0.3	45.4523809524
15	9	0.6	74.75
15	9	0.9	150.166666667
15	10	0	32.5833333333
15	10	0.3	43.3095238095
15	10	0.6	48.6666666667
15	10	0.9	66.1666666667
15	11	0	32.5833333333
15	11	0.3	43.3095238095
15	11	0.6	48.6666666667
15	11	0.9	66.1666666667
15	12	0	32.5833333333
15	12	0.3	43.3095238095
15	12	0.6	48.6666666667
15	12	0.9	66.1666666667
15	13	0	32.5833333333
15	13	0.3	43.3095238095
15	13	0.6	48.6666666667
15	13	0.9	66.1666666667
15	14	0	32.5833333333
15	14	0.3	44.4761904762
15	14	0.6	68.5833333333
15	14	0.9	147.333333333
15	15	0	32.5833333333
15	15	0.3	43.3095238095
15	15	0.6	48.6666666667
15	15	0.9	66.1666666667
15	16	0	35.0833333333
15	16	0.3	43.3095238095
15	16	0.6	48.6666666667
15	16	0.9	66.1666666667
15	17	0	32.5833333333
15	17	0.3	43.3095238095
15	17	0.6	48.6666666667
15	17	0.9	66.1666666667
15	18	0	32.5833333333
15	18	0.3	43.3095238095
15	18	0.6	48.6666666667
15	18	0.9	66.1666666667
15	19	0	32.5833333333
15	19	0.3	43.3095238095
15	19	0.6	48.6666666667
15	19	0.9	66.1666666667
15	20	0	32.5833333333
15	20	0.3	44.4761904762
15	20	0.6	68.5833333333
15	20	0.9	147.333333333
15	21	0	32.5833333333
15	21	0.3	43.3095238095
15	21	0.6	48.6666666667
15	21	0.9	66.1666666667
15	22	0	35.0833333333
15	22	0.3	43.3095238095
15	22	0.6	48.6666666667
15	22	0.9	66.1666666667
15	23	0	32.5833333333
15	23	0.3	43.3095238095
15	23	0.6	48.6666666667
15	23	0.9	66.1666666667
15	24	0	32.5833333333
15	24	0.3	43.3095238095
15	24	0.6	48.6666666667
15	24	0.9	66.1666666667
15	25	0	35.0833333333
15	25	0.3	47.9642857143
15	25	0.6	74.75
15	25	0.9	162.25
16	1	0	35.0833333333
16	1	0.3	47.9642857143
16	1	0.6	74.75
16	1	0.9	162.25
16	2	0	35.0833333333
16	2	0.3	47.9642857143
16	2	0.6	74.75
16	2	0.9	162.25
16	3	0	35.0833333333
16	3	0.3	50.0833333333
16	3	0.6	87.5833333333
16	3	0.9	210.083333333
16	4	0	35.0833333333
16	4	0.3	47.9642857143
16	4	0.6	74.75
16	4	0.9	162.25
16	5	0	35.0833333333
16	5	0.3	47.9642857143
16	5	0.6	74.75
16	5	0.9	162.25
16	6	0	35.0833333333
16	6	0.3	47.9642857143
16	6	0.6	74.75
16	6	0.9	162.25
16	7	0	35.0833333333
16	7	0.3	47.9642857143
16	7	0.6	74.75
16	7	0.9	162.25
16	8	0	35.0833333333
16	8	0.3	49.1071428571
16	8	0.6	81.25
16	8	0.9	186.25
16	9	0	35.0833333333
16	9	0.3	47.9642857143
16	9	0.6	74.75
16	9	0.9	162.25
16	10	0	35.0833333333
16	10	0.3	47.9642857143
16	10	0.6	74.75
16	10	0.9	162.25
16	11	0	35.0833333333
16	11	0.3	49.1071428571
16	11	0.6	81.25
16	11	0.9	186.25
16	12	0	35.0833333333
16	12	0.3	47.9642857143
16	12	0.6	74.75
16	12	0.9	162.25
16	13	0	35.0833333333
16	13	0.3	47.9642857143
16	13	0.6	74.75
16	13	0.9	162.25
16	14	0	35.0833333333
16	14	0.3	47.9642857143
16	14	0.6	74.75
16	14	0.9	162.25
16	15	0	35.0833333333
16	15	0.3	47.9642857143
16	15	0.6	74.75
16	15	0.9	162.25
16	16	0	35.0833333333
16	16	0.3	47.9642857143
16	16	0.6	74.75
16	16	0.9	162.25
16	17	0	35.0833333333
16	17	0.3	47.9642857143
16	17	0.6	74.75
16	17	0.9	162.25
16	18	0	Infinity
16	18	0.3	Infinity
16	18	0.6	Infinity
16	18	0.9	Infinity
16	19	0	35.0833333333
16	19	0.3	47.9642857143
16	19	0.6	74.75
16	19	0.9	162.25
16	20	0	35.0833333333
16	20	0.3	47.9642857143
16	20	0.6	74.75
16	20	0.9	162.25
16	21	0	35.0833333333
16	21	0.3	47.9642857143
16	21	0.6	74.75
16	21	0.9	162.25
16	22	0	35.0833333333
16	22	0.3	47.9642857143
16	22	0.6	74.75
16	22	0.9	162.25
16	23	0	35.0833333333
16	23	0.3	47.9642857143
16	23	0.6	74.75
16	23	0.9	162.25
16	24	0	35.0833333333
16	24	0.3	47.9642857143
16	24	0.6	74.75
16	24	0.9	162.25
16	25	0	35.0833333333
16	25	0.3	47.9642857143
16	25	0.6	74.75
16	25	0.9	162.25
